Optimized parameters:
kcat   = 254.000000
kcat_S = 87.000000
kcat_G2= 1306.000000
